   6.2499998603016138E-004   1.6807249829506351E-003
   1.8749999580904841E-003   1.6807249829506356E-003
   3.1249999301508069E-003   1.6807249829506351E-003
   4.3749999022111297E-003   1.6807249829506351E-003
   5.6249998742714524E-003   1.6807249829506351E-003
   6.8749998463317752E-003   1.6807249829506351E-003
   8.1249998183920979E-003   1.6807249829506351E-003
   9.3749997904524207E-003   1.6807249829506351E-003
   1.0624999762512743E-002   1.6807249829506351E-003
   1.1874999734573066E-002   1.6807249829506356E-003
   1.3124999706633389E-002   1.6807249829506356E-003
   1.4374999678693712E-002   1.6807249829506356E-003
   1.5624999650754035E-002   1.6807249829506351E-003
   1.6874999622814357E-002   1.6807249829506351E-003
   1.8124999594874680E-002   1.6807249829506351E-003
   1.9374999566935003E-002   1.6807249829506351E-003
   2.0624999538995326E-002   1.6807249829506351E-003
   2.1874999511055648E-002   1.6807249829506351E-003
   2.3124999483115971E-002   1.6807249829506351E-003
   2.4374999455176294E-002   1.6807249829506351E-003
   2.5624999427236617E-002   1.6807249829506351E-003
   2.6874999399296939E-002   1.6807249829506351E-003
   2.8124999371357262E-002   1.6807249829506351E-003
   2.9374999343417585E-002   1.6807249829506351E-003
   3.0624999315477908E-002   1.6807249829506351E-003
   3.1874999287538230E-002   1.6807249829506351E-003
   3.3124999259598553E-002   1.6807249829506351E-003
   3.4374999231658876E-002   1.6807249829506351E-003
   3.5624999203719199E-002   1.6807249829506351E-003
   3.6874999175779521E-002   1.6807249829506351E-003
   3.8124999147839844E-002   1.6807249829506351E-003
   3.9374999119900167E-002   1.6807249829506351E-003
   4.0624999091960490E-002   1.6807249829506351E-003
   4.1874999064020813E-002   1.6807249829506351E-003
   4.3124999036081135E-002   1.6807249829506351E-003
   4.4374999008141458E-002   1.6807249829506351E-003
   4.5624998980201781E-002   1.6807249829506351E-003
   4.6874998952262104E-002   1.6807249829506351E-003
   4.8124998924322426E-002   1.6807249829506351E-003
   4.9374998896382749E-002   1.6807249829506351E-003
   5.0624998868443072E-002   1.6807249829506351E-003
   5.1874998840503395E-002   1.6807249829506351E-003
   5.3124998812563717E-002   1.6807249829506351E-003
   5.4374998784624040E-002   1.6807249829506351E-003
   5.5624998756684363E-002   1.6807249829506351E-003
   5.6874998728744686E-002   1.6807249829506351E-003
   5.8124998700805008E-002   1.6807249829506351E-003
   5.9374998672865331E-002   1.6807249829506351E-003
   6.0624998644925654E-002   1.6807249829506351E-003
   6.1874998616985977E-002   1.6807249829506351E-003
   6.3124998589046299E-002   1.6807249829506351E-003
   6.4374998561106622E-002   1.6807249829506351E-003
   6.5624998533166945E-002   1.6807249829506351E-003
   6.6874998505227268E-002   1.6807249829506351E-003
   6.8124998477287591E-002   1.6807249829506351E-003
   6.9374998449347913E-002   1.6807249829506351E-003
   7.0624998421408236E-002   1.6807249829506351E-003
   7.1874998393468559E-002   1.6807249829506351E-003
   7.3124998365528882E-002   1.6807249829506351E-003
   7.4374998337589204E-002   1.6807249829506351E-003
   7.5624998309649527E-002   1.6807249829506351E-003
   7.6874998281709850E-002   1.6807249829506351E-003
   7.8124998253770173E-002   1.6807249829506351E-003
   7.9374998225830495E-002   1.6807249829506351E-003
   8.0624998197890818E-002   1.6807249829506351E-003
   8.1874998169951141E-002   1.6807249829506351E-003
   8.3124998142011464E-002   1.6807249829506351E-003
   8.4374998114071786E-002   1.6807249829506351E-003
   8.5624998086132109E-002   1.6807249829506351E-003
   8.6874998058192432E-002   1.6807249829506351E-003
   8.8124998030252755E-002   1.6807249829506351E-003
   8.9374998002313077E-002   1.6807249829506351E-003
   9.0624997974373400E-002   1.6807249829506351E-003
   9.1874997946433723E-002   1.6807249829506351E-003
   9.3124997918494046E-002   1.6807249829506351E-003
   9.4374997890554368E-002   1.6807249829506351E-003
   9.5624997862614691E-002   1.6807249829506351E-003
   9.6874997834675014E-002   1.6807249829506351E-003
   9.8124997806735337E-002   1.6807249829506351E-003
   9.9374997778795660E-002   1.6807249829506351E-003
  0.10062499775085598        1.6807249829506351E-003
  0.10187499772291631        1.6807249829506351E-003
  0.10312499769497663        1.6807249829506351E-003
  0.10437499766703695        1.6807249829506351E-003
  0.10562499763909727        1.6807249829506351E-003
  0.10687499761115760        1.6807249829506351E-003
  0.10812499758321792        1.6807249829506351E-003
  0.10937499755527824        1.6807249829506351E-003
  0.11062499752733856        1.6807249829506351E-003
  0.11187499749939889        1.6807249829506351E-003
  0.11312499747145921        1.6807249829506351E-003
  0.11437499744351953        1.6807249829506351E-003
  0.11562499741557986        1.6807249829506351E-003
  0.11687499738764018        1.6807249829506351E-003
  0.11812499735970050        1.6807249829506351E-003
  0.11937499733176082        1.6807249829506351E-003
  0.12062499730382115        1.6807249829506351E-003
  0.12187499727588147        1.6807249829506351E-003
  0.12312499724794179        1.6807249829506351E-003
  0.12437499722000211        1.6807249829506351E-003
  0.12562499719206244        1.6807249829506351E-003
  0.12687499716412276        1.6807249829506351E-003
  0.12812499713618308        1.6807249829506351E-003
  0.12937499710824341        1.6807249829506351E-003
  0.13062499708030373        1.6807249829506351E-003
  0.13187499705236405        1.6807249829506351E-003
  0.13312499702442437        1.6807249829506351E-003
  0.13437499699648470        1.6807249829506351E-003
  0.13562499696854502        1.6807249829506351E-003
  0.13687499694060534        1.6807249829506351E-003
  0.13812499691266567        1.6807249829506351E-003
  0.13937499688472599        1.6807249829506351E-003
  0.14062499685678631        1.6807249829506351E-003
  0.14187499682884663        1.6807249829506351E-003
  0.14312499680090696        1.6807249829506351E-003
  0.14437499677296728        1.6807249829506351E-003
  0.14562499674502760        1.6807249829506351E-003
  0.14687499671708792        1.6807249829506351E-003
  0.14812499668914825        1.6807249829506351E-003
  0.14937499666120857        1.6807249829506351E-003
  0.15062499663326889        1.6807249829506351E-003
  0.15187499660532922        1.6807249829506351E-003
  0.15312499657738954        1.6807249829506351E-003
  0.15437499654944986        1.6807249829506351E-003
  0.15562499652151018        1.6807249829506351E-003
  0.15687499649357051        1.6807249829506351E-003
  0.15812499646563083        1.6807249829506351E-003
  0.15937499643769115        1.6807249829506351E-003
  0.16062499640975147        1.6807249829506351E-003
  0.16187499638181180        1.6807249829506351E-003
  0.16312499635387212        1.6807249829506351E-003
  0.16437499632593244        1.6807249829506351E-003
  0.16562499629799277        1.6807249829506351E-003
  0.16687499627005309        1.6807249829506351E-003
  0.16812499624211341        1.6807249829506351E-003
  0.16937499621417373        1.6807249829506351E-003
  0.17062499618623406        1.6807249829506351E-003
  0.17187499615829438        1.6807249829506351E-003
  0.17312499613035470        1.6807249829506351E-003
  0.17437499610241503        1.6807249829506351E-003
  0.17562499607447535        1.6807249829506351E-003
  0.17687499604653567        1.6807249829506351E-003
  0.17812499601859599        1.6807249829506351E-003
  0.17937499599065632        1.6807249829506351E-003
  0.18062499596271664        1.6807249829506351E-003
  0.18187499593477696        1.6807249829506351E-003
  0.18312499590683728        1.6807249829506351E-003
  0.18437499587889761        1.6807249829506351E-003
  0.18562499585095793        1.6807249829506351E-003
  0.18687499582301825        1.6807249829506351E-003
  0.18812499579507858        1.6807249829506351E-003
  0.18937499576713890        1.6807249829506351E-003
  0.19062499573919922        1.6807249829506351E-003
  0.19187499571125954        1.6807249829506351E-003
  0.19312499568331987        1.6807249829506351E-003
  0.19437499565538019        1.6807249829506351E-003
  0.19562499562744051        1.6807249829506351E-003
  0.19687499559950083        1.6807249829506351E-003
  0.19812499557156116        1.6807249829506351E-003
  0.19937499554362148        1.6807249829506351E-003
  0.20062499551568180        1.6807249829506351E-003
  0.20187499548774213        1.6807249829506351E-003
  0.20312499545980245        1.6807249829506351E-003
  0.20437499543186277        1.6807249829506351E-003
  0.20562499540392309        1.6807249829506351E-003
  0.20687499537598342        1.6807249829506351E-003
  0.20812499534804374        1.6807249829506351E-003
  0.20937499532010406        1.6807249829506351E-003
  0.21062499529216439        1.6807249829506351E-003
  0.21187499526422471        1.6807249829506351E-003
  0.21312499523628503        1.6807249829506351E-003
  0.21437499520834535        1.6807249829506351E-003
  0.21562499518040568        1.6807249829506351E-003
  0.21687499515246600        1.6807249829506351E-003
  0.21812499512452632        1.6807249829506351E-003
  0.21937499509658664        1.6807249829506351E-003
  0.22062499506864697        1.6807249829506351E-003
  0.22187499504070729        1.6807249829506351E-003
  0.22312499501276761        1.6807249829506351E-003
  0.22437499498482794        1.6807249829506351E-003
  0.22562499495688826        1.6807249829506351E-003
  0.22687499492894858        1.6807249829506351E-003
  0.22812499490100890        1.6807249829506351E-003
  0.22937499487306923        1.6807249829506351E-003
  0.23062499484512955        1.6807249829506351E-003
  0.23187499481718987        1.6807249829506351E-003
  0.23312499478925020        1.6807249829506351E-003
  0.23437499476131052        1.6807249829506351E-003
  0.23562499473337084        1.6807249829506351E-003
  0.23687499470543116        1.6807249829506351E-003
  0.23812499467749149        1.6807249829506351E-003
  0.23937499464955181        1.6807249829506351E-003
  0.24062499462161213        1.6807249829506351E-003
  0.24187499459367245        1.6807249829506351E-003
  0.24312499456573278        1.6807249829506351E-003
  0.24437499453779310        1.6807249829506351E-003
  0.24562499450985342        1.6807249829506351E-003
  0.24687499448191375        1.6807249829506351E-003
  0.24812499445397407        1.6807249829506351E-003
  0.24937499442603439        1.6807249829506351E-003
  0.25062499439809471        1.6807249829506351E-003
  0.25187499437015504        1.6807249829506351E-003
  0.25312499434221536        1.6807249829506351E-003
  0.25437499431427568        1.6807249829506351E-003
  0.25562499428633600        1.6807249829506351E-003
  0.25687499425839633        1.6807249829506351E-003
  0.25812499423045665        1.6807249829506351E-003
  0.25937499420251697        1.6807249829506351E-003
  0.26062499417457730        1.6807249829506351E-003
  0.26187499414663762        1.6807249829506351E-003
  0.26312499411869794        1.6807249829506351E-003
  0.26437499409075826        1.6807249829506351E-003
  0.26562499406281859        1.6807249829506351E-003
  0.26687499403487891        1.6807249829506351E-003
  0.26812499400693923        1.6807249829506351E-003
  0.26937499397899956        1.6807249829506351E-003
  0.27062499395105988        1.6807249829506351E-003
  0.27187499392312020        1.6807249829506351E-003
  0.27312499389518052        1.6807249829506351E-003
  0.27437499386724085        1.6807249829506351E-003
  0.27562499383930117        1.6807249829506351E-003
  0.27687499381136149        1.6807249829506351E-003
  0.27812499378342181        1.6807249829506351E-003
  0.27937499375548214        1.6807249829506351E-003
  0.28062499372754246        1.6807249829506351E-003
  0.28187499369960278        1.6807249829506351E-003
  0.28312499367166311        1.6807249829506351E-003
  0.28437499364372343        1.6807249829506351E-003
  0.28562499361578375        1.6807249829506351E-003
  0.28687499358784407        1.6807249829506351E-003
  0.28812499355990440        1.6807249829506351E-003
  0.28937499353196472        1.6807249829506351E-003
  0.29062499350402504        1.6807249829506351E-003
  0.29187499347608536        1.6807249829506351E-003
  0.29312499344814569        1.6807249829506351E-003
  0.29437499342020601        1.6807249829506351E-003
  0.29562499339226633        1.6807249829506351E-003
  0.29687499336432666        1.6807249829506351E-003
  0.29812499333638698        1.6807249829506351E-003
  0.29937499330844730        1.6807249829506351E-003
  0.30062499328050762        1.6807249829506351E-003
  0.30187499325256795        1.6807249829506351E-003
  0.30312499322462827        1.6807249829506351E-003
  0.30437499319668859        1.6807249829506351E-003
  0.30562499316874892        1.6807249829506351E-003
  0.30687499314080924        1.6807249829506351E-003
  0.30812499311286956        1.6807249829506351E-003
  0.30937499308492988        1.6807249829506351E-003
  0.31062499305699021        1.6807249829506351E-003
  0.31187499302905053        1.6807249829506351E-003
  0.31312499300111085        1.6807249829506351E-003
  0.31437499297317117        1.6807249829506351E-003
  0.31562499294523150        1.6807249829506351E-003
  0.31687499291729182        1.6807249829506351E-003
  0.31812499288935214        1.6807249829506351E-003
  0.31937499286141247        1.6807249829506351E-003
  0.32062499283347279        1.6807249829506351E-003
  0.32187499280553311        1.6807249829506351E-003
  0.32312499277759343        1.6807249829506351E-003
  0.32437499274965376        1.6807249829506351E-003
  0.32562499272171408        1.6807249829506351E-003
  0.32687499269377440        1.6807249829506351E-003
  0.32812499266583472        1.6807249829506351E-003
  0.32937499263789505        1.6807249829506351E-003
  0.33062499260995537        1.6807249829506351E-003
  0.33187499258201569        1.6807249829506351E-003
  0.33312499255407602        1.6807249829506351E-003
  0.33437499252613634        1.6807249829506351E-003
  0.33562499249819666        1.6807249829506351E-003
  0.33687499247025698        1.6807249829506351E-003
  0.33812499244231731        1.6807249829506351E-003
  0.33937499241437763        1.6807249829506351E-003
  0.34062499238643795        1.6807249829506351E-003
  0.34187499235849828        1.6807249829506351E-003
  0.34312499233055860        1.6807249829506351E-003
  0.34437499230261892        1.6807249829506351E-003
  0.34562499227467924        1.6807249829506351E-003
  0.34687499224673957        1.6807249829506351E-003
  0.34812499221879989        1.6807249829506351E-003
  0.34937499219086021        1.6807249829506351E-003
  0.35062499216292053        1.6807249829506351E-003
  0.35187499213498086        1.6807249829506351E-003
  0.35312499210704118        1.6807249829506351E-003
  0.35437499207910150        1.6807249829506351E-003
  0.35562499205116183        1.6807249829506351E-003
  0.35687499202322215        1.6807249829506351E-003
  0.35812499199528247        1.6807249829506351E-003
  0.35937499196734279        1.6807249829506351E-003
  0.36062499193940312        1.6807249829506351E-003
  0.36187499191146344        1.6807249829506351E-003
  0.36312499188352376        1.6807249829506351E-003
  0.36437499185558408        1.6807249829506351E-003
  0.36562499182764441        1.6807249829506351E-003
  0.36687499179970473        1.6807249829506351E-003
  0.36812499177176505        1.6807249829506351E-003
  0.36937499174382538        1.6807249829506351E-003
  0.37062499171588570        1.6807249829506351E-003
  0.37187499168794602        1.6807249829506351E-003
  0.37312499166000634        1.6807249829506351E-003
  0.37437499163206667        1.6807249829506351E-003
  0.37562499160412699        1.6807249829506351E-003
  0.37687499157618731        1.6807249829506351E-003
  0.37812499154824764        1.6807249829506351E-003
  0.37937499152030796        1.6807249829506351E-003
  0.38062499149236828        1.6807249829506351E-003
  0.38187499146442860        1.6807249829506351E-003
  0.38312499143648893        1.6807249829506351E-003
  0.38437499140854925        1.6807249829506351E-003
  0.38562499138060957        1.6807249829506351E-003
  0.38687499135266989        1.6807249829506351E-003
  0.38812499132473022        1.6807249829506351E-003
  0.38937499129679054        1.6807249829506351E-003
  0.39062499126885086        1.6807249829506351E-003
  0.39187499124091119        1.6807249829506351E-003
  0.39312499121297151        1.6807249829506351E-003
  0.39437499118503183        1.6807249829506351E-003
  0.39562499115709215        1.6807249829506351E-003
  0.39687499112915248        1.6807249829506351E-003
  0.39812499110121280        1.6807249829506351E-003
  0.39937499107327312        1.6807249829506351E-003
  0.40062499104533345        1.6807249829506351E-003
  0.40187499101739377        1.6807249829506351E-003
  0.40312499098945409        1.6807249829506351E-003
  0.40437499096151441        1.6807249829506351E-003
  0.40562499093357474        1.6807249829506351E-003
  0.40687499090563506        1.6807249829506351E-003
  0.40812499087769538        1.6807249829506351E-003
  0.40937499084975570        1.6807249829506351E-003
  0.41062499082181603        1.6807249829506351E-003
  0.41187499079387635        1.6807249829506351E-003
  0.41312499076593667        1.6807249829506351E-003
  0.41437499073799700        1.6807249829506351E-003
  0.41562499071005732        1.6807249829506351E-003
  0.41687499068211764        1.6807249829506351E-003
  0.41812499065417796        1.6807249829506351E-003
  0.41937499062623829        1.6807249829506351E-003
  0.42062499059829861        1.6807249829506351E-003
  0.42187499057035893        1.6807249829506351E-003
  0.42312499054241925        1.6807249829506351E-003
  0.42437499051447958        1.6807249829506351E-003
  0.42562499048653990        1.6807249829506351E-003
  0.42687499045860022        1.6807249829506351E-003
  0.42812499043066055        1.6807249829506351E-003
  0.42937499040272087        1.6807249829506351E-003
  0.43062499037478119        1.6807249829506351E-003
  0.43187499034684151        1.6807249829506351E-003
  0.43312499031890184        1.6807249829506351E-003
  0.43437499029096216        1.6807249829506351E-003
  0.43562499026302248        1.6807249829506351E-003
  0.43687499023508281        1.6807249829506351E-003
  0.43812499020714313        1.6807249829506351E-003
  0.43937499017920345        1.6807249829506351E-003
  0.44062499015126377        1.6807249829506351E-003
  0.44187499012332410        1.6807249829506351E-003
  0.44312499009538442        1.6807249829506351E-003
  0.44437499006744474        1.6807249829506351E-003
  0.44562499003950506        1.6807249829506351E-003
  0.44687499001156539        1.6807249829506351E-003
  0.44812498998362571        1.6807249829506351E-003
  0.44937498995568603        1.6807249829506351E-003
  0.45062498992774636        1.6807249829506351E-003
  0.45187498989980668        1.6807249829506351E-003
  0.45312498987186700        1.6807249829506351E-003
  0.45437498984392732        1.6807249829506351E-003
  0.45562498981598765        1.6807249829506351E-003
  0.45687498978804797        1.6807249829506351E-003
  0.45812498976010829        1.6807249829506351E-003
  0.45937498973216861        1.6807249829506351E-003
  0.46062498970422894        1.6807249829506351E-003
  0.46187498967628926        1.6807249829506351E-003
  0.46312498964834958        1.6807249829506351E-003
  0.46437498962040991        1.6807249829506351E-003
  0.46562498959247023        1.6807249829506351E-003
  0.46687498956453055        1.6807249829506351E-003
  0.46812498953659087        1.6807249829506351E-003
  0.46937498950865120        1.6807249829506351E-003
  0.47062498948071152        1.6807249829506351E-003
  0.47187498945277184        1.6807249829506351E-003
  0.47312498942483217        1.6807249829506351E-003
  0.47437498939689249        1.6807249829506351E-003
  0.47562498936895281        1.6807249829506351E-003
  0.47687498934101313        1.6807249829506351E-003
  0.47812498931307346        1.6807249829506351E-003
  0.47937498928513378        1.6807249829506351E-003
  0.48062498925719410        1.6807253382072449E-003
  0.48187498922925442        1.6807300741032006E-003
  0.48312498920131475        1.6807508825655460E-003
  0.48437498917337507        1.6807908289905174E-003
  0.48562498914543539        1.6808302092156816E-003
  0.48687498911749572        1.6808661872755022E-003
  0.48812498908955604        1.6809177720396703E-003
  0.48937498906161636        1.6809908329253873E-003
  0.49062498903367668        1.6810716370721727E-003
  0.49187498900573701        1.6812567540136329E-003
  0.49312498897779733        1.6817157154329187E-003
  0.49437498894985765        1.6792494148637051E-003
  0.49562498892191797        1.6578013027928053E-003
  0.49687498889397830        1.5987301468316302E-003
  0.49812498886603862        1.7880602758207505E-003
  0.49937498883809894        2.7640689100533440E-003
  0.50999999977648258        1.5048850718968552E-002
  0.51999999955296516        1.3641169208246217E-002
  0.52999999932944775        1.3275306449437547E-002
  0.53999999910593033        1.3429986232599335E-002
  0.54999999888241291        1.3444971687869621E-002
  0.55999999865889549        1.3445775214790321E-002
  0.56999999843537807        1.3445775214790321E-002
  0.57999999821186066        1.3445775214790321E-002
  0.58999999798834324        1.3445775214790321E-002
  0.59999999776482582        1.3445775214790321E-002
  0.60999999754130840        1.3445775214790321E-002
  0.61999999731779099        1.3445775214790321E-002
  0.62999999709427357        1.3445775214790321E-002
  0.63999999687075615        1.3445775214790321E-002
  0.64999999664723873        1.3445775214790321E-002
  0.65999999642372131        1.3445775214790321E-002
  0.66999999620020390        1.3445775214790321E-002
  0.67999999597668648        1.3445775214790321E-002
  0.68999999575316906        1.3445775214790321E-002
  0.69999999552965164        1.3445775214790321E-002
  0.70999999530613422        1.3445775214790321E-002
  0.71999999508261681        1.3445775214790321E-002
  0.72999999485909939        1.3445775214790321E-002
  0.73999999463558197        1.3445775214790321E-002
  0.74999999441206455        1.3445775214790321E-002
  0.75999999418854713        1.3445775214790321E-002
  0.76999999396502972        1.3445775214790321E-002
  0.77999999374151230        1.3445775214790321E-002
  0.78999999351799488        1.3445775214790321E-002
  0.79999999329447746        1.3445775214790321E-002
  0.80999999307096004        1.3445775214790321E-002
  0.81999999284744263        1.3445775214790321E-002
  0.82999999262392521        1.3445775214790321E-002
  0.83999999240040779        1.3445775214790321E-002
  0.84999999217689037        1.3445775214790321E-002
  0.85999999195337296        1.3445775214790321E-002
  0.86999999172985554        1.3445775214790321E-002
  0.87999999150633812        1.3445775214790321E-002
  0.88999999128282070        1.3445775214790321E-002
  0.89999999105930328        1.3445775214790321E-002
  0.90999999083578587        1.3445775214790321E-002
  0.91999999061226845        1.3445775214790321E-002
  0.92999999038875103        1.3445775214790321E-002
  0.93999999016523361        1.3445775214790321E-002
  0.94999998994171619        1.3445775214790321E-002
  0.95999998971819878        1.3445775241194134E-002
  0.96999998949468136        1.3445775225998591E-002
  0.97999998927116394        1.3445774607523275E-002
  0.98999998904764652        1.3445775404395817E-002
  0.99999998882412910        1.3445783108043428E-002
  -6.2499998603016138E-004   1.6807249829506351E-003
  -1.8749999580904841E-003   1.6807249829506351E-003
  -3.1249999301508069E-003   1.6807249829506351E-003
  -4.3749999022111297E-003   1.6807249829506351E-003
  -5.6249998742714524E-003   1.6807249829506351E-003
  -6.8749998463317752E-003   1.6807249829506351E-003
  -8.1249998183920979E-003   1.6807249829506351E-003
  -9.3749997904524207E-003   1.6807249829506351E-003
  -1.0624999762512743E-002   1.6807249829506351E-003
  -1.1874999734573066E-002   1.6807249829506351E-003
  -1.3124999706633389E-002   1.6807249829506351E-003
  -1.4374999678693712E-002   1.6807249829506351E-003
  -1.5624999650754035E-002   1.6807249829506351E-003
  -1.6874999622814357E-002   1.6807249829506351E-003
  -1.8124999594874680E-002   1.6807249829506351E-003
  -1.9374999566935003E-002   1.6807249829506351E-003
  -2.0624999538995326E-002   1.6807249829506351E-003
  -2.1874999511055648E-002   1.6807249829506351E-003
  -2.3124999483115971E-002   1.6807249829506351E-003
  -2.4374999455176294E-002   1.6807249829506351E-003
  -2.5624999427236617E-002   1.6807249829506351E-003
  -2.6874999399296939E-002   1.6807249829506351E-003
  -2.8124999371357262E-002   1.6807249829506351E-003
  -2.9374999343417585E-002   1.6807249829506351E-003
  -3.0624999315477908E-002   1.6807249829506351E-003
  -3.1874999287538230E-002   1.6807249829506351E-003
  -3.3124999259598553E-002   1.6807249829506351E-003
  -3.4374999231658876E-002   1.6807249829506351E-003
  -3.5624999203719199E-002   1.6807249829506351E-003
  -3.6874999175779521E-002   1.6807249829506351E-003
  -3.8124999147839844E-002   1.6807249829506351E-003
  -3.9374999119900167E-002   1.6807249829506351E-003
  -4.0624999091960490E-002   1.6807249829506351E-003
  -4.1874999064020813E-002   1.6807249829506351E-003
  -4.3124999036081135E-002   1.6807253382072449E-003
  -4.4374999008141458E-002   1.6807300741032006E-003
  -4.5624998980201781E-002   1.6807508825655460E-003
  -4.6874998952262104E-002   1.6807908289905174E-003
  -4.8124998924322426E-002   1.6808302092156816E-003
  -4.9374998896382749E-002   1.6808661872755022E-003
  -5.0624998868443072E-002   1.6809177720396703E-003
  -5.1874998840503395E-002   1.6809908593299005E-003
  -5.3124998812563717E-002   1.6810755309358129E-003
  -5.4374998784624040E-002   1.6812921777785083E-003
  -5.5624998756684363E-002   1.6818553685314013E-003
  -5.6874998728744686E-002   1.6793338932166988E-003
  -5.8124998700805008E-002   1.6570660459527991E-003
  -5.9374998672865331E-002   1.5976515217291734E-003
  -6.0624998644925654E-002   1.7903984225579443E-003
  -6.1874998616985977E-002   2.7690538403564906E-003
   1.0099999997764826        1.3445783108043428E-002
   1.0199999995529652        1.3445775404395816E-002
   1.0299999993294477        1.3445774607523272E-002
   1.0399999991059303        1.3445775225998591E-002
   1.0499999988824129        1.3445775241194134E-002
   1.0599999986588955        1.3445775214790321E-002
   1.0699999984353781        1.3445775214790321E-002
   1.0799999982118607        1.3445775214790321E-002
   1.0899999979883432        1.3445775214790321E-002
   1.0999999977648258        1.3445775214790321E-002
   1.1099999975413084        1.3445775214790321E-002
   1.1199999973177910        1.3445775214790321E-002
   1.1299999970942736        1.3445775214790321E-002
   1.1399999968707561        1.3445775214790321E-002
   1.1499999966472387        1.3445775214790321E-002
   1.1599999964237213        1.3445775214790321E-002
   1.1699999962002039        1.3445775214790321E-002
   1.1799999959766865        1.3445775214790321E-002
   1.1899999957531691        1.3445775214790321E-002
   1.1999999955296516        1.3445775214790321E-002
   1.2099999953061342        1.3445775214790321E-002
   1.2199999950826168        1.3445775214790321E-002
   1.2299999948590994        1.3445775214790321E-002
   1.2399999946355820        1.3445775214790321E-002
   1.2499999944120646        1.3445775214790321E-002
   1.2599999941885471        1.3445775214790321E-002
   1.2699999939650297        1.3445775214790321E-002
   1.2799999937415123        1.3445775214790321E-002
   1.2899999935179949        1.3445775214790321E-002
   1.2999999932944775        1.3445775214790321E-002
   1.3099999930709600        1.3445775214790321E-002
   1.3199999928474426        1.3445775214790321E-002
   1.3299999926239252        1.3445775214790321E-002
   1.3399999924004078        1.3445775214790321E-002
   1.3499999921768904        1.3445775214790321E-002
   1.3599999919533730        1.3445775214790321E-002
   1.3699999917298555        1.3445775214790321E-002
   1.3799999915063381        1.3445775214790321E-002
   1.3899999912828207        1.3445775214790321E-002
   1.3999999910593033        1.3445775214790321E-002
   1.4099999908357859        1.3445775214790321E-002
   1.4199999906122684        1.3445775214790321E-002
   1.4299999903887510        1.3445775214790321E-002
   1.4399999901652336        1.3445775214790321E-002
   1.4499999899417162        1.3445775214790321E-002
   1.4599999897181988        1.3451158868379963E-002
   1.4699999894946814        1.3441723237179152E-002
   1.4799999892711639        1.3048452084206236E-002
   1.4899999890476465        1.3575023187165174E-002
   1.4999999888241291        2.0799440827743310E-002
   6.2499998603016138E-004   1.6807236408340641E-003
   1.8749999580904841E-003   1.6807236408340641E-003
   3.1249999301508069E-003   1.6807236408340641E-003
   4.3749999022111297E-003   1.6807236408340638E-003
   5.6249998742714524E-003   1.6807236408340638E-003
   6.8749998463317752E-003   1.6807236408340638E-003
   8.1249998183920979E-003   1.6807236408340638E-003
   9.3749997904524207E-003   1.6807236408340638E-003
   1.0624999762512743E-002   1.6807236408340638E-003
   1.1874999734573066E-002   1.6807236408340641E-003
   1.3124999706633389E-002   1.6807236408340641E-003
   1.4374999678693712E-002   1.6807236408340641E-003
   1.5624999650754035E-002   1.6807236408340641E-003
   1.6874999622814357E-002   1.6807236408340638E-003
   1.8124999594874680E-002   1.6807236408340638E-003
   1.9374999566935003E-002   1.6807236408340638E-003
   2.0624999538995326E-002   1.6807236408340638E-003
   2.1874999511055648E-002   1.6807236408340638E-003
   2.3124999483115971E-002   1.6807236408340638E-003
   2.4374999455176294E-002   1.6807236408340638E-003
   2.5624999427236617E-002   1.6807236408340638E-003
   2.6874999399296939E-002   1.6807236408340638E-003
   2.8124999371357262E-002   1.6807236408340638E-003
   2.9374999343417585E-002   1.6807236408340638E-003
   3.0624999315477908E-002   1.6807236408340638E-003
   3.1874999287538230E-002   1.6807236408340638E-003
   3.3124999259598553E-002   1.6807236408340638E-003
   3.4374999231658876E-002   1.6807236408340638E-003
   3.5624999203719199E-002   1.6807236408340638E-003
   3.6874999175779521E-002   1.6807236408340638E-003
   3.8124999147839844E-002   1.6807236408340638E-003
   3.9374999119900167E-002   1.6807236408340638E-003
   4.0624999091960490E-002   1.6807236408340638E-003
   4.1874999064020813E-002   1.6807236408340638E-003
   4.3124999036081135E-002   1.6807236408340638E-003
   4.4374999008141458E-002   1.6807236408340638E-003
   4.5624998980201781E-002   1.6807236408340638E-003
   4.6874998952262104E-002   1.6807236408340638E-003
   4.8124998924322426E-002   1.6807236408340638E-003
   4.9374998896382749E-002   1.6807236408340638E-003
   5.0624998868443072E-002   1.6807236408340638E-003
   5.1874998840503395E-002   1.6807236408340638E-003
   5.3124998812563717E-002   1.6807236408340638E-003
   5.4374998784624040E-002   1.6807236408340638E-003
   5.5624998756684363E-002   1.6807236408340638E-003
   5.6874998728744686E-002   1.6807236408340638E-003
   5.8124998700805008E-002   1.6807236408340638E-003
   5.9374998672865331E-002   1.6807236408340638E-003
   6.0624998644925654E-002   1.6807236408340638E-003
   6.1874998616985977E-002   1.6807236408340638E-003
   6.3124998589046299E-002   1.6807236408340638E-003
   6.4374998561106622E-002   1.6807236408340638E-003
   6.5624998533166945E-002   1.6807236408340638E-003
   6.6874998505227268E-002   1.6807236408340638E-003
   6.8124998477287591E-002   1.6807236408340638E-003
   6.9374998449347913E-002   1.6807236408340638E-003
   7.0624998421408236E-002   1.6807236408340638E-003
   7.1874998393468559E-002   1.6807236408340638E-003
   7.3124998365528882E-002   1.6807236408340638E-003
   7.4374998337589204E-002   1.6807236408340638E-003
   7.5624998309649527E-002   1.6807236408340638E-003
   7.6874998281709850E-002   1.6807236408340638E-003
   7.8124998253770173E-002   1.6807236408340638E-003
   7.9374998225830495E-002   1.6807236408340638E-003
   8.0624998197890818E-002   1.6807236408340638E-003
   8.1874998169951141E-002   1.6807236408340638E-003
   8.3124998142011464E-002   1.6807236408340638E-003
   8.4374998114071786E-002   1.6807236408340638E-003
   8.5624998086132109E-002   1.6807236408340638E-003
   8.6874998058192432E-002   1.6807236408340638E-003
   8.8124998030252755E-002   1.6807236408340638E-003
   8.9374998002313077E-002   1.6807236408340638E-003
   9.0624997974373400E-002   1.6807236408340638E-003
   9.1874997946433723E-002   1.6807236408340638E-003
   9.3124997918494046E-002   1.6807236408340638E-003
   9.4374997890554368E-002   1.6807236408340638E-003
   9.5624997862614691E-002   1.6807236408340638E-003
   9.6874997834675014E-002   1.6807236408340638E-003
   9.8124997806735337E-002   1.6807236408340638E-003
   9.9374997778795660E-002   1.6807236408340638E-003
  0.10062499775085598        1.6807236408340638E-003
  0.10187499772291631        1.6807236408340638E-003
  0.10312499769497663        1.6807236408340638E-003
  0.10437499766703695        1.6807236408340638E-003
  0.10562499763909727        1.6807236408340638E-003
  0.10687499761115760        1.6807236408340638E-003
  0.10812499758321792        1.6807236408340638E-003
  0.10937499755527824        1.6807236408340638E-003
  0.11062499752733856        1.6807236408340638E-003
  0.11187499749939889        1.6807236408340638E-003
  0.11312499747145921        1.6807236408340638E-003
  0.11437499744351953        1.6807236408340638E-003
  0.11562499741557986        1.6807236408340638E-003
  0.11687499738764018        1.6807236408340638E-003
  0.11812499735970050        1.6807236408340638E-003
  0.11937499733176082        1.6807236408340638E-003
  0.12062499730382115        1.6807236408340638E-003
  0.12187499727588147        1.6807236408340638E-003
  0.12312499724794179        1.6807236408340638E-003
  0.12437499722000211        1.6807236408340638E-003
  0.12562499719206244        1.6807236408340638E-003
  0.12687499716412276        1.6807236408340638E-003
  0.12812499713618308        1.6807236408340638E-003
  0.12937499710824341        1.6807236408340638E-003
  0.13062499708030373        1.6807236408340638E-003
  0.13187499705236405        1.6807236408340638E-003
  0.13312499702442437        1.6807236408340638E-003
  0.13437499699648470        1.6807236408340638E-003
  0.13562499696854502        1.6807236408340638E-003
  0.13687499694060534        1.6807236408340638E-003
  0.13812499691266567        1.6807236408340638E-003
  0.13937499688472599        1.6807236408340638E-003
  0.14062499685678631        1.6807236408340638E-003
  0.14187499682884663        1.6807236408340638E-003
  0.14312499680090696        1.6807236408340638E-003
  0.14437499677296728        1.6807236408340638E-003
  0.14562499674502760        1.6807236408340638E-003
  0.14687499671708792        1.6807236408340638E-003
  0.14812499668914825        1.6807236408340638E-003
  0.14937499666120857        1.6807236408340638E-003
  0.15062499663326889        1.6807236408340638E-003
  0.15187499660532922        1.6807236408340638E-003
  0.15312499657738954        1.6807236408340638E-003
  0.15437499654944986        1.6807236408340638E-003
  0.15562499652151018        1.6807236408340638E-003
  0.15687499649357051        1.6807236408340638E-003
  0.15812499646563083        1.6807236408340638E-003
  0.15937499643769115        1.6807236408340638E-003
  0.16062499640975147        1.6807236408340638E-003
  0.16187499638181180        1.6807236408340638E-003
  0.16312499635387212        1.6807236408340638E-003
  0.16437499632593244        1.6807236408340638E-003
  0.16562499629799277        1.6807236408340638E-003
  0.16687499627005309        1.6807236408340638E-003
  0.16812499624211341        1.6807236408340638E-003
  0.16937499621417373        1.6807236408340638E-003
  0.17062499618623406        1.6807236408340638E-003
  0.17187499615829438        1.6807236408340638E-003
  0.17312499613035470        1.6807236408340638E-003
  0.17437499610241503        1.6807236408340638E-003
  0.17562499607447535        1.6807236408340638E-003
  0.17687499604653567        1.6807236408340638E-003
  0.17812499601859599        1.6807236408340638E-003
  0.17937499599065632        1.6807236408340638E-003
  0.18062499596271664        1.6807236408340638E-003
  0.18187499593477696        1.6807236408340638E-003
  0.18312499590683728        1.6807236408340638E-003
  0.18437499587889761        1.6807236408340638E-003
  0.18562499585095793        1.6807236408340638E-003
  0.18687499582301825        1.6807236408340638E-003
  0.18812499579507858        1.6807236408340638E-003
  0.18937499576713890        1.6807236408340638E-003
  0.19062499573919922        1.6807236408340638E-003
  0.19187499571125954        1.6807236408340638E-003
  0.19312499568331987        1.6807236408340638E-003
  0.19437499565538019        1.6807236408340638E-003
  0.19562499562744051        1.6807236408340638E-003
  0.19687499559950083        1.6807236408340638E-003
  0.19812499557156116        1.6807236408340638E-003
  0.19937499554362148        1.6807236408340638E-003
  0.20062499551568180        1.6807236408340638E-003
  0.20187499548774213        1.6807236408340638E-003
  0.20312499545980245        1.6807236408340638E-003
  0.20437499543186277        1.6807236408340638E-003
  0.20562499540392309        1.6807236408340638E-003
  0.20687499537598342        1.6807236408340638E-003
  0.20812499534804374        1.6807236408340638E-003
  0.20937499532010406        1.6807236408340638E-003
  0.21062499529216439        1.6807236408340638E-003
  0.21187499526422471        1.6807236408340638E-003
  0.21312499523628503        1.6807236408340638E-003
  0.21437499520834535        1.6807236408340638E-003
  0.21562499518040568        1.6807236408340638E-003
  0.21687499515246600        1.6807236408340638E-003
  0.21812499512452632        1.6807236408340638E-003
  0.21937499509658664        1.6807236408340638E-003
  0.22062499506864697        1.6807236408340638E-003
  0.22187499504070729        1.6807236408340638E-003
  0.22312499501276761        1.6807236408340638E-003
  0.22437499498482794        1.6807236408340638E-003
  0.22562499495688826        1.6807236408340638E-003
  0.22687499492894858        1.6807236408340638E-003
  0.22812499490100890        1.6807236408340638E-003
  0.22937499487306923        1.6807236408340638E-003
  0.23062499484512955        1.6807236408340638E-003
  0.23187499481718987        1.6807236408340638E-003
  0.23312499478925020        1.6807236408340638E-003
  0.23437499476131052        1.6807236408340638E-003
  0.23562499473337084        1.6807236408340638E-003
  0.23687499470543116        1.6807236408340638E-003
  0.23812499467749149        1.6807236408340638E-003
  0.23937499464955181        1.6807236408340638E-003
  0.24062499462161213        1.6807236408340638E-003
  0.24187499459367245        1.6807236408340638E-003
  0.24312499456573278        1.6807236408340638E-003
  0.24437499453779310        1.6807236408340638E-003
  0.24562499450985342        1.6807236408340638E-003
  0.24687499448191375        1.6807236408340638E-003
  0.24812499445397407        1.6807236408340638E-003
  0.24937499442603439        1.6807236408340638E-003
  0.25062499439809471        1.6807236408340638E-003
  0.25187499437015504        1.6807236408340638E-003
  0.25312499434221536        1.6807236408340638E-003
  0.25437499431427568        1.6807236408340638E-003
  0.25562499428633600        1.6807236408340638E-003
  0.25687499425839633        1.6807236408340638E-003
  0.25812499423045665        1.6807236408340638E-003
  0.25937499420251697        1.6807236408340638E-003
  0.26062499417457730        1.6807236408340638E-003
  0.26187499414663762        1.6807236408340638E-003
  0.26312499411869794        1.6807236408340638E-003
  0.26437499409075826        1.6807236408340638E-003
  0.26562499406281859        1.6807236408340638E-003
  0.26687499403487891        1.6807236408340638E-003
  0.26812499400693923        1.6807236408340638E-003
  0.26937499397899956        1.6807236408340638E-003
  0.27062499395105988        1.6807236408340638E-003
  0.27187499392312020        1.6807236408340638E-003
  0.27312499389518052        1.6807236408340638E-003
  0.27437499386724085        1.6807236408340638E-003
  0.27562499383930117        1.6807236408340638E-003
  0.27687499381136149        1.6807236408340638E-003
  0.27812499378342181        1.6807236408340638E-003
  0.27937499375548214        1.6807236408340638E-003
  0.28062499372754246        1.6807236408340638E-003
  0.28187499369960278        1.6807236408340638E-003
  0.28312499367166311        1.6807236408340638E-003
  0.28437499364372343        1.6807236408340638E-003
  0.28562499361578375        1.6807236408340638E-003
  0.28687499358784407        1.6807236408340638E-003
  0.28812499355990440        1.6807236408340638E-003
  0.28937499353196472        1.6807236408340638E-003
  0.29062499350402504        1.6807236408340638E-003
  0.29187499347608536        1.6807236408340638E-003
  0.29312499344814569        1.6807236408340638E-003
  0.29437499342020601        1.6807236408340638E-003
  0.29562499339226633        1.6807236408340638E-003
  0.29687499336432666        1.6807236408340638E-003
  0.29812499333638698        1.6807236408340638E-003
  0.29937499330844730        1.6807236408340638E-003
  0.30062499328050762        1.6807236408340638E-003
  0.30187499325256795        1.6807236408340638E-003
  0.30312499322462827        1.6807236408340638E-003
  0.30437499319668859        1.6807236408340638E-003
  0.30562499316874892        1.6807236408340638E-003
  0.30687499314080924        1.6807236408340638E-003
  0.30812499311286956        1.6807236408340638E-003
  0.30937499308492988        1.6807236408340638E-003
  0.31062499305699021        1.6807236408340638E-003
  0.31187499302905053        1.6807236408340638E-003
  0.31312499300111085        1.6807236408340638E-003
  0.31437499297317117        1.6807236408340638E-003
  0.31562499294523150        1.6807236408340638E-003
  0.31687499291729182        1.6807236408340638E-003
  0.31812499288935214        1.6807236408340638E-003
  0.31937499286141247        1.6807236408340638E-003
  0.32062499283347279        1.6807236408340638E-003
  0.32187499280553311        1.6807236408340638E-003
  0.32312499277759343        1.6807236408340638E-003
  0.32437499274965376        1.6807236408340638E-003
  0.32562499272171408        1.6807236408340638E-003
  0.32687499269377440        1.6807236408340638E-003
  0.32812499266583472        1.6807236408340638E-003
  0.32937499263789505        1.6807236408340638E-003
  0.33062499260995537        1.6807236408340638E-003
  0.33187499258201569        1.6807236408340638E-003
  0.33312499255407602        1.6807236408340638E-003
  0.33437499252613634        1.6807236408340638E-003
  0.33562499249819666        1.6807236408340638E-003
  0.33687499247025698        1.6807236408340638E-003
  0.33812499244231731        1.6807236408340638E-003
  0.33937499241437763        1.6807236408340638E-003
  0.34062499238643795        1.6807236408340638E-003
  0.34187499235849828        1.6807236408340638E-003
  0.34312499233055860        1.6807236408340638E-003
  0.34437499230261892        1.6807236408340638E-003
  0.34562499227467924        1.6807236408340638E-003
  0.34687499224673957        1.6807236408340638E-003
  0.34812499221879989        1.6807236408340638E-003
  0.34937499219086021        1.6807236408340638E-003
  0.35062499216292053        1.6807236408340638E-003
  0.35187499213498086        1.6807236408340638E-003
  0.35312499210704118        1.6807236408340638E-003
  0.35437499207910150        1.6807236408340638E-003
  0.35562499205116183        1.6807236408340638E-003
  0.35687499202322215        1.6807236408340638E-003
  0.35812499199528247        1.6807236408340638E-003
  0.35937499196734279        1.6807236408340638E-003
  0.36062499193940312        1.6807236408340638E-003
  0.36187499191146344        1.6807236408340638E-003
  0.36312499188352376        1.6807236408340638E-003
  0.36437499185558408        1.6807236408340638E-003
  0.36562499182764441        1.6807236408340638E-003
  0.36687499179970473        1.6807236408340638E-003
  0.36812499177176505        1.6807236408340638E-003
  0.36937499174382538        1.6807236408340638E-003
  0.37062499171588570        1.6807236408340638E-003
  0.37187499168794602        1.6807236408340638E-003
  0.37312499166000634        1.6807236408340638E-003
  0.37437499163206667        1.6807236408340638E-003
  0.37562499160412699        1.6807236408340638E-003
  0.37687499157618731        1.6807236408340638E-003
  0.37812499154824764        1.6807236408340638E-003
  0.37937499152030796        1.6807236408340638E-003
  0.38062499149236828        1.6807236408340638E-003
  0.38187499146442860        1.6807236408340638E-003
  0.38312499143648893        1.6807236408340638E-003
  0.38437499140854925        1.6807236408340638E-003
  0.38562499138060957        1.6807236408340638E-003
  0.38687499135266989        1.6807236408340638E-003
  0.38812499132473022        1.6807236408340638E-003
  0.38937499129679054        1.6807236408340638E-003
  0.39062499126885086        1.6807236408340638E-003
  0.39187499124091119        1.6807236408340638E-003
  0.39312499121297151        1.6807236408340638E-003
  0.39437499118503183        1.6807236408340638E-003
  0.39562499115709215        1.6807236408340638E-003
  0.39687499112915248        1.6807236408340638E-003
  0.39812499110121280        1.6807236408340638E-003
  0.39937499107327312        1.6807236408340638E-003
  0.40062499104533345        1.6807236408340638E-003
  0.40187499101739377        1.6807236408340638E-003
  0.40312499098945409        1.6807236408340638E-003
  0.40437499096151441        1.6807236408340638E-003
  0.40562499093357474        1.6807236408340638E-003
  0.40687499090563506        1.6807236408340638E-003
  0.40812499087769538        1.6807236408340638E-003
  0.40937499084975570        1.6807236408340638E-003
  0.41062499082181603        1.6807236408340638E-003
  0.41187499079387635        1.6807236408340638E-003
  0.41312499076593667        1.6807236408340638E-003
  0.41437499073799700        1.6807236408340638E-003
  0.41562499071005732        1.6807236408340638E-003
  0.41687499068211764        1.6807236408340638E-003
  0.41812499065417796        1.6807236408340638E-003
  0.41937499062623829        1.6807236408340638E-003
  0.42062499059829861        1.6807236408340638E-003
  0.42187499057035893        1.6807236408340638E-003
  0.42312499054241925        1.6807236408340638E-003
  0.42437499051447958        1.6807236408340638E-003
  0.42562499048653990        1.6807236408340638E-003
  0.42687499045860022        1.6807236408340638E-003
  0.42812499043066055        1.6807236408340638E-003
  0.42937499040272087        1.6807236408340638E-003
  0.43062499037478119        1.6807236408340638E-003
  0.43187499034684151        1.6807236408340638E-003
  0.43312499031890184        1.6807236408340638E-003
  0.43437499029096216        1.6807236408340638E-003
  0.43562499026302248        1.6807236408340638E-003
  0.43687499023508281        1.6807236408340638E-003
  0.43812499020714313        1.6807236408340638E-003
  0.43937499017920345        1.6807236408340638E-003
  0.44062499015126377        1.6807236408340638E-003
  0.44187499012332410        1.6807236408340638E-003
  0.44312499009538442        1.6807236408340638E-003
  0.44437499006744474        1.6807236408340638E-003
  0.44562499003950506        1.6807236408340638E-003
  0.44687499001156539        1.6807236408340638E-003
  0.44812498998362571        1.6807236408340638E-003
  0.44937498995568603        1.6807236408340638E-003
  0.45062498992774636        1.6807236408340638E-003
  0.45187498989980668        1.6807236408340638E-003
  0.45312498987186700        1.6807236408340638E-003
  0.45437498984392732        1.6807236408340638E-003
  0.45562498981598765        1.6807236408340638E-003
  0.45687498978804797        1.6807236408340638E-003
  0.45812498976010829        1.6807236408340638E-003
  0.45937498973216861        1.6807236408340638E-003
  0.46062498970422894        1.6807236408340638E-003
  0.46187498967628926        1.6807236408340638E-003
  0.46312498964834958        1.6807236408340638E-003
  0.46437498962040991        1.6807236408340638E-003
  0.46562498959247023        1.6807236408340638E-003
  0.46687498956453055        1.6807236408340638E-003
  0.46812498953659087        1.6807236408340638E-003
  0.46937498950865120        1.6807236408340638E-003
  0.47062498948071152        1.6807236408340638E-003
  0.47187498945277184        1.6807236408340638E-003
  0.47312498942483217        1.6807236408354577E-003
  0.47437498939689249        1.6807236408693329E-003
  0.47562498936896713        1.6807236411157042E-003
  0.47687498934130390        1.6807236413901143E-003
  0.47812498931451203        1.6807236155530743E-003
  0.47937498928371663        1.6807232824984919E-003
  0.48062498923979580        1.6807217509069948E-003
  0.48187498922236321        1.6807190452699484E-003
  0.48312498927415654        1.6807186803750739E-003
  0.48437498927291417        1.6807217895884680E-003
  0.48562498917447633        1.6807218088954090E-003
  0.48687498914630123        1.6807175446478491E-003
  0.48812498924298386        1.6807150706348102E-003
  0.48937498899890264        1.6807091259775091E-003
  0.49062498706193458        1.6806829184785193E-003
  0.49187498725363099        1.6808756967254313E-003
  0.49312501977979972        1.6824997318308696E-003
  0.49437514505423724        1.6865526998297267E-003
  0.49562461831197757        1.6738270556952209E-003
  0.49687370007393122        1.5875360648142612E-003
  0.49812980787726424        1.7449342061533596E-003
  0.49938756165260367        2.7805354296823589E-003
  0.51000203370336028        1.5510976773848537E-002
  0.51999995903793395        1.3665080116761210E-002
  0.53000005480082657        1.3287023012949343E-002
  0.54000001148057519        1.3440438564901245E-002
  0.54999999332790006        1.3457428634658927E-002
  0.55999999865582217        1.3446852324924019E-002
  0.56999999854467798        1.3445841488337645E-002
  0.57999999822222847        1.3445789423480107E-002
  0.58999999798874780        1.3445789460552086E-002
  0.59999999776482582        1.3445789475032275E-002
  0.60999999754130840        1.3445789476198785E-002
  0.61999999731779099        1.3445789476238149E-002
  0.62999999709427357        1.3445789476238149E-002
  0.63999999687075615        1.3445789476238149E-002
  0.64999999664723873        1.3445789476238149E-002
  0.65999999642372131        1.3445789476238149E-002
  0.66999999620020390        1.3445789476238149E-002
  0.67999999597668648        1.3445789476238149E-002
  0.68999999575316906        1.3445789476238149E-002
  0.69999999552965164        1.3445789476238149E-002
  0.70999999530613422        1.3445789476238149E-002
  0.71999999508261681        1.3445789476238149E-002
  0.72999999485909939        1.3445789476238149E-002
  0.73999999463558197        1.3445789476238149E-002
  0.74999999441206455        1.3445789476238149E-002
  0.75999999418854713        1.3445789476238149E-002
  0.76999999396502972        1.3445789476238149E-002
  0.77999999374151230        1.3445789476238149E-002
  0.78999999351799488        1.3445789476238149E-002
  0.79999999329447746        1.3445789476238149E-002
  0.80999999307096004        1.3445789476238149E-002
  0.81999999284744263        1.3445789476238149E-002
  0.82999999262392521        1.3445789476238149E-002
  0.83999999240040779        1.3445789476238149E-002
  0.84999999217689037        1.3445789476238149E-002
  0.85999999195337296        1.3445789476238149E-002
  0.86999999172985554        1.3445789476238149E-002
  0.87999999150633812        1.3445789476238149E-002
  0.88999999128282070        1.3445789476238149E-002
  0.89999999105930328        1.3445789476238149E-002
  0.90999999083578587        1.3445789476238158E-002
  0.91999999061226845        1.3445789476238106E-002
  0.92999999038875114        1.3445789476237608E-002
  0.93999999016523261        1.3445789474548870E-002
  0.94999998994171564        1.3445789473867579E-002
  0.95999998971822176        1.3445789520722040E-002
  0.96999998949465893        1.3445789503256563E-002
  0.97999998927087328        1.3445788811129109E-002
  0.98999998904827702        1.3445789644856942E-002
  0.99999998882531460        1.3445797419461820E-002
  -6.2499998603016138E-004   1.6807236408340638E-003
  -1.8749999580904841E-003   1.6807236408340638E-003
  -3.1249999301508069E-003   1.6807236408340638E-003
  -4.3749999022111297E-003   1.6807236408340638E-003
  -5.6249998742714524E-003   1.6807236408340638E-003
  -6.8749998463317752E-003   1.6807236408340638E-003
  -8.1249998183920979E-003   1.6807236408340638E-003
  -9.3749997904524207E-003   1.6807236408340638E-003
  -1.0624999762512743E-002   1.6807236408340638E-003
  -1.1874999734573066E-002   1.6807236408340638E-003
  -1.3124999706633389E-002   1.6807236408340638E-003
  -1.4374999678693712E-002   1.6807236408340638E-003
  -1.5624999650754035E-002   1.6807236408340638E-003
  -1.6874999622814357E-002   1.6807236408340638E-003
  -1.8124999594874680E-002   1.6807236408340638E-003
  -1.9374999566935003E-002   1.6807236408340638E-003
  -2.0624999538995326E-002   1.6807236408340638E-003
  -2.1874999511055648E-002   1.6807236408340638E-003
  -2.3124999483115971E-002   1.6807236408340638E-003
  -2.4374999455176294E-002   1.6807236408340638E-003
  -2.5624999427236617E-002   1.6807236408340638E-003
  -2.6874999399296939E-002   1.6807236408340638E-003
  -2.8124999371357262E-002   1.6807236408340638E-003
  -2.9374999343417585E-002   1.6807236408340638E-003
  -3.0624999315477908E-002   1.6807236408340638E-003
  -3.1874999287538230E-002   1.6807236408340638E-003
  -3.3124999259598553E-002   1.6807236408340638E-003
  -3.4374999231658876E-002   1.6807236408340638E-003
  -3.5624999203719199E-002   1.6807236408340638E-003
  -3.6874999175779521E-002   1.6807236408340638E-003
  -3.8124999147839844E-002   1.6807236408340638E-003
  -3.9374999119900167E-002   1.6807236408340638E-003
  -4.0624999091960490E-002   1.6807236180794256E-003
  -4.1874999064020813E-002   1.6807232923751394E-003
  -4.3124999036081135E-002   1.6807217466265120E-003
  -4.4374999008141458E-002   1.6807189914797168E-003
  -4.5624998980201781E-002   1.6807186240027287E-003
  -4.6874998952262104E-002   1.6807218074545984E-003
  -4.8124998924322426E-002   1.6807218355114251E-003
  -4.9374998896382749E-002   1.6807174981546672E-003
  -5.0624998868443072E-002   1.6807150588456267E-003
  -5.1874998840503395E-002   1.6807078258782747E-003
  -5.3124998812563717E-002   1.6806705079139236E-003
  -5.4374998784624040E-002   1.6808386397153673E-003
  -5.5624998756684363E-002   1.6825299057192044E-003
  -5.6874998728744686E-002   1.6869890525535072E-003
  -5.8124998700805008E-002   1.6737894203954185E-003
  -5.9374998672865331E-002   1.5828433281829318E-003
  -6.0624998644925654E-002   1.7400605385967391E-003
  -6.1874998616985977E-002   2.7702507526015520E-003
   1.0099999997764826        1.3445797419101782E-002
   1.0199999995529652        1.3445789644020189E-002
   1.0299999993294477        1.3445788810697879E-002
   1.0399999991059303        1.3445789503347979E-002
   1.0499999988824129        1.3445789520760877E-002
   1.0599999986588955        1.3445789473858088E-002
   1.0699999984353781        1.3445789474546959E-002
   1.0799999982118607        1.3445789476238149E-002
   1.0899999979883432        1.3445789476238149E-002
   1.0999999977648258        1.3445789476238149E-002
   1.1099999975413084        1.3445789476238149E-002
   1.1199999973177910        1.3445789476238149E-002
   1.1299999970942736        1.3445789476238149E-002
   1.1399999968707561        1.3445789476238149E-002
   1.1499999966472387        1.3445789476238149E-002
   1.1599999964237213        1.3445789476238149E-002
   1.1699999962002039        1.3445789476238149E-002
   1.1799999959766865        1.3445789476238149E-002
   1.1899999957531691        1.3445789476238149E-002
   1.1999999955296516        1.3445789476238149E-002
   1.2099999953061342        1.3445789476238149E-002
   1.2199999950826168        1.3445789476238149E-002
   1.2299999948590994        1.3445789476238149E-002
   1.2399999946355820        1.3445789476238149E-002
   1.2499999944120646        1.3445789476238149E-002
   1.2599999941885471        1.3445789476238149E-002
   1.2699999939650297        1.3445789476238149E-002
   1.2799999937415123        1.3445789476238149E-002
   1.2899999935179949        1.3445789476238149E-002
   1.2999999932944775        1.3445789476238149E-002
   1.3099999930709600        1.3445789476238149E-002
   1.3199999928474426        1.3445789476238149E-002
   1.3299999926239252        1.3445789476238149E-002
   1.3399999924004078        1.3445789476238149E-002
   1.3499999921768904        1.3445789476238149E-002
   1.3599999919533730        1.3445789476238149E-002
   1.3699999917298555        1.3445789476238149E-002
   1.3799999915063381        1.3445789476238149E-002
   1.3899999912828207        1.3445789476238149E-002
   1.3999999910593033        1.3445789476238149E-002
   1.4099999908357859        1.3445789476238149E-002
   1.4199999906122684        1.3445789476238149E-002
   1.4299999903887510        1.3445789476238149E-002
   1.4399999901652336        1.3445444577421306E-002
   1.4499999899417162        1.3445710293139330E-002
   1.4599999897181988        1.3472397550059469E-002
   1.4699999894946814        1.3462536124891726E-002
   1.4799999892711639        1.2841783806129586E-002
   1.4899999890476465        1.3598950703137692E-002
   1.4999999888241291        2.1628604307111169E-002
   6.2499998603016138E-004   1.6807236598676209E-003
   1.8749999580904841E-003   1.6807236598676209E-003
   3.1249999301508069E-003   1.6807236598676209E-003
   4.3749999022111297E-003   1.6807236598676213E-003
   5.6249998742714524E-003   1.6807236598676218E-003
   6.8749998463317752E-003   1.6807236598676218E-003
   8.1249998183920979E-003   1.6807236598676218E-003
   9.3749997904524207E-003   1.6807236598676213E-003
   1.0624999762512743E-002   1.6807236598676213E-003
   1.1874999734573066E-002   1.6807236598676209E-003
   1.3124999706633389E-002   1.6807236598676209E-003
   1.4374999678693712E-002   1.6807236598676209E-003
   1.5624999650754035E-002   1.6807236598676209E-003
   1.6874999622814357E-002   1.6807236598676213E-003
   1.8124999594874680E-002   1.6807236598676218E-003
   1.9374999566935003E-002   1.6807236598676218E-003
   2.0624999538995326E-002   1.6807236598676218E-003
   2.1874999511055648E-002   1.6807236598676218E-003
   2.3124999483115971E-002   1.6807236598676218E-003
   2.4374999455176294E-002   1.6807236598676218E-003
   2.5624999427236617E-002   1.6807236598676218E-003
   2.6874999399296939E-002   1.6807236598676218E-003
   2.8124999371357262E-002   1.6807236598676218E-003
   2.9374999343417585E-002   1.6807236598676218E-003
   3.0624999315477908E-002   1.6807236598676218E-003
   3.1874999287538230E-002   1.6807236598676218E-003
   3.3124999259598553E-002   1.6807236598676218E-003
   3.4374999231658876E-002   1.6807236598676218E-003
   3.5624999203719199E-002   1.6807236598676218E-003
   3.6874999175779521E-002   1.6807236598676218E-003
   3.8124999147839844E-002   1.6807236598676218E-003
   3.9374999119900167E-002   1.6807236598676218E-003
   4.0624999091960490E-002   1.6807236598676218E-003
   4.1874999064020813E-002   1.6807236598676218E-003
   4.3124999036081135E-002   1.6807236598676218E-003
   4.4374999008141458E-002   1.6807236598676218E-003
   4.5624998980201781E-002   1.6807236598676218E-003
   4.6874998952262104E-002   1.6807236598676218E-003
   4.8124998924322426E-002   1.6807236598676218E-003
   4.9374998896382749E-002   1.6807236598676218E-003
   5.0624998868443072E-002   1.6807236598676218E-003
   5.1874998840503395E-002   1.6807236598676218E-003
   5.3124998812563717E-002   1.6807236598676218E-003
   5.4374998784624040E-002   1.6807236598676218E-003
   5.5624998756684363E-002   1.6807236598676218E-003
   5.6874998728744686E-002   1.6807236598676218E-003
   5.8124998700805008E-002   1.6807236598676218E-003
   5.9374998672865331E-002   1.6807236598676218E-003
   6.0624998644925654E-002   1.6807236598676218E-003
   6.1874998616985977E-002   1.6807236598676218E-003
   6.3124998589046299E-002   1.6807236598676218E-003
   6.4374998561106622E-002   1.6807236598676218E-003
   6.5624998533166945E-002   1.6807236598676218E-003
   6.6874998505227268E-002   1.6807236598676218E-003
   6.8124998477287591E-002   1.6807236598676218E-003
   6.9374998449347913E-002   1.6807236598676218E-003
   7.0624998421408236E-002   1.6807236598676218E-003
   7.1874998393468559E-002   1.6807236598676218E-003
   7.3124998365528882E-002   1.6807236598676218E-003
   7.4374998337589204E-002   1.6807236598676218E-003
   7.5624998309649527E-002   1.6807236598676218E-003
   7.6874998281709850E-002   1.6807236598676218E-003
   7.8124998253770173E-002   1.6807236598676218E-003
   7.9374998225830495E-002   1.6807236598676218E-003
   8.0624998197890818E-002   1.6807236598676218E-003
   8.1874998169951141E-002   1.6807236598676218E-003
   8.3124998142011464E-002   1.6807236598676218E-003
   8.4374998114071786E-002   1.6807236598676218E-003
   8.5624998086132109E-002   1.6807236598676218E-003
   8.6874998058192432E-002   1.6807236598676218E-003
   8.8124998030252755E-002   1.6807236598676218E-003
   8.9374998002313077E-002   1.6807236598676218E-003
   9.0624997974373400E-002   1.6807236598676218E-003
   9.1874997946433723E-002   1.6807236598676218E-003
   9.3124997918494046E-002   1.6807236598676218E-003
   9.4374997890554368E-002   1.6807236598676218E-003
   9.5624997862614691E-002   1.6807236598676218E-003
   9.6874997834675014E-002   1.6807236598676218E-003
   9.8124997806735337E-002   1.6807236598676218E-003
   9.9374997778795660E-002   1.6807236598676218E-003
  0.10062499775085598        1.6807236598676218E-003
  0.10187499772291631        1.6807236598676218E-003
  0.10312499769497663        1.6807236598676218E-003
  0.10437499766703695        1.6807236598676218E-003
  0.10562499763909727        1.6807236598676218E-003
  0.10687499761115760        1.6807236598676218E-003
  0.10812499758321792        1.6807236598676218E-003
  0.10937499755527824        1.6807236598676218E-003
  0.11062499752733856        1.6807236598676218E-003
  0.11187499749939889        1.6807236598676218E-003
  0.11312499747145921        1.6807236598676218E-003
  0.11437499744351953        1.6807236598676218E-003
  0.11562499741557986        1.6807236598676218E-003
  0.11687499738764018        1.6807236598676218E-003
  0.11812499735970050        1.6807236598676218E-003
  0.11937499733176082        1.6807236598676218E-003
  0.12062499730382115        1.6807236598676218E-003
  0.12187499727588147        1.6807236598676218E-003
  0.12312499724794179        1.6807236598676218E-003
  0.12437499722000211        1.6807236598676218E-003
  0.12562499719206244        1.6807236598676218E-003
  0.12687499716412276        1.6807236598676218E-003
  0.12812499713618308        1.6807236598676218E-003
  0.12937499710824341        1.6807236598676218E-003
  0.13062499708030373        1.6807236598676218E-003
  0.13187499705236405        1.6807236598676218E-003
  0.13312499702442437        1.6807236598676218E-003
  0.13437499699648470        1.6807236598676218E-003
  0.13562499696854502        1.6807236598676218E-003
  0.13687499694060534        1.6807236598676218E-003
  0.13812499691266567        1.6807236598676218E-003
  0.13937499688472599        1.6807236598676218E-003
  0.14062499685678631        1.6807236598676218E-003
  0.14187499682884663        1.6807236598676218E-003
  0.14312499680090696        1.6807236598676218E-003
  0.14437499677296728        1.6807236598676218E-003
  0.14562499674502760        1.6807236598676218E-003
  0.14687499671708792        1.6807236598676218E-003
  0.14812499668914825        1.6807236598676218E-003
  0.14937499666120857        1.6807236598676218E-003
  0.15062499663326889        1.6807236598676218E-003
  0.15187499660532922        1.6807236598676218E-003
  0.15312499657738954        1.6807236598676218E-003
  0.15437499654944986        1.6807236598676218E-003
  0.15562499652151018        1.6807236598676218E-003
  0.15687499649357051        1.6807236598676218E-003
  0.15812499646563083        1.6807236598676218E-003
  0.15937499643769115        1.6807236598676218E-003
  0.16062499640975147        1.6807236598676218E-003
  0.16187499638181180        1.6807236598676218E-003
  0.16312499635387212        1.6807236598676218E-003
  0.16437499632593244        1.6807236598676218E-003
  0.16562499629799277        1.6807236598676218E-003
  0.16687499627005309        1.6807236598676218E-003
  0.16812499624211341        1.6807236598676218E-003
  0.16937499621417373        1.6807236598676218E-003
  0.17062499618623406        1.6807236598676218E-003
  0.17187499615829438        1.6807236598676218E-003
  0.17312499613035470        1.6807236598676218E-003
  0.17437499610241503        1.6807236598676218E-003
  0.17562499607447535        1.6807236598676218E-003
  0.17687499604653567        1.6807236598676218E-003
  0.17812499601859599        1.6807236598676218E-003
  0.17937499599065632        1.6807236598676218E-003
  0.18062499596271664        1.6807236598676218E-003
  0.18187499593477696        1.6807236598676218E-003
  0.18312499590683728        1.6807236598676218E-003
  0.18437499587889761        1.6807236598676218E-003
  0.18562499585095793        1.6807236598676218E-003
  0.18687499582301825        1.6807236598676218E-003
  0.18812499579507858        1.6807236598676218E-003
  0.18937499576713890        1.6807236598676218E-003
  0.19062499573919922        1.6807236598676218E-003
  0.19187499571125954        1.6807236598676218E-003
  0.19312499568331987        1.6807236598676218E-003
  0.19437499565538019        1.6807236598676218E-003
  0.19562499562744051        1.6807236598676218E-003
  0.19687499559950083        1.6807236598676218E-003
  0.19812499557156116        1.6807236598676218E-003
  0.19937499554362148        1.6807236598676218E-003
  0.20062499551568180        1.6807236598676218E-003
  0.20187499548774213        1.6807236598676218E-003
  0.20312499545980245        1.6807236598676218E-003
  0.20437499543186277        1.6807236598676218E-003
  0.20562499540392309        1.6807236598676218E-003
  0.20687499537598342        1.6807236598676218E-003
  0.20812499534804374        1.6807236598676218E-003
  0.20937499532010406        1.6807236598676218E-003
  0.21062499529216439        1.6807236598676218E-003
  0.21187499526422471        1.6807236598676218E-003
  0.21312499523628503        1.6807236598676218E-003
  0.21437499520834535        1.6807236598676218E-003
  0.21562499518040568        1.6807236598676218E-003
  0.21687499515246600        1.6807236598676218E-003
  0.21812499512452632        1.6807236598676218E-003
  0.21937499509658664        1.6807236598676218E-003
  0.22062499506864697        1.6807236598676218E-003
  0.22187499504070729        1.6807236598676218E-003
  0.22312499501276761        1.6807236598676218E-003
  0.22437499498482794        1.6807236598676218E-003
  0.22562499495688826        1.6807236598676218E-003
  0.22687499492894858        1.6807236598676218E-003
  0.22812499490100890        1.6807236598676218E-003
  0.22937499487306923        1.6807236598676218E-003
  0.23062499484512955        1.6807236598676218E-003
  0.23187499481718987        1.6807236598676218E-003
  0.23312499478925020        1.6807236598676218E-003
  0.23437499476131052        1.6807236598676218E-003
  0.23562499473337084        1.6807236598676218E-003
  0.23687499470543116        1.6807236598676218E-003
  0.23812499467749149        1.6807236598676218E-003
  0.23937499464955181        1.6807236598676218E-003
  0.24062499462161213        1.6807236598676218E-003
  0.24187499459367245        1.6807236598676218E-003
  0.24312499456573278        1.6807236598676218E-003
  0.24437499453779310        1.6807236598676218E-003
  0.24562499450985342        1.6807236598676218E-003
  0.24687499448191375        1.6807236598676218E-003
  0.24812499445397407        1.6807236598676218E-003
  0.24937499442603439        1.6807236598676218E-003
  0.25062499439809471        1.6807236598676218E-003
  0.25187499437015504        1.6807236598676218E-003
  0.25312499434221536        1.6807236598676218E-003
  0.25437499431427568        1.6807236598676218E-003
  0.25562499428633600        1.6807236598676218E-003
  0.25687499425839633        1.6807236598676218E-003
  0.25812499423045665        1.6807236598676218E-003
  0.25937499420251697        1.6807236598676218E-003
  0.26062499417457730        1.6807236598676218E-003
  0.26187499414663762        1.6807236598676218E-003
  0.26312499411869794        1.6807236598676218E-003
  0.26437499409075826        1.6807236598676218E-003
  0.26562499406281859        1.6807236598676218E-003
  0.26687499403487891        1.6807236598676218E-003
  0.26812499400693923        1.6807236598676218E-003
  0.26937499397899956        1.6807236598676218E-003
  0.27062499395105988        1.6807236598676218E-003
  0.27187499392312020        1.6807236598676218E-003
  0.27312499389518052        1.6807236598676218E-003
  0.27437499386724085        1.6807236598676218E-003
  0.27562499383930117        1.6807236598676218E-003
  0.27687499381136149        1.6807236598676218E-003
  0.27812499378342181        1.6807236598676218E-003
  0.27937499375548214        1.6807236598676218E-003
  0.28062499372754246        1.6807236598676218E-003
  0.28187499369960278        1.6807236598676218E-003
  0.28312499367166311        1.6807236598676218E-003
  0.28437499364372343        1.6807236598676218E-003
  0.28562499361578375        1.6807236598676218E-003
  0.28687499358784407        1.6807236598676218E-003
  0.28812499355990440        1.6807236598676218E-003
  0.28937499353196472        1.6807236598676218E-003
  0.29062499350402504        1.6807236598676218E-003
  0.29187499347608536        1.6807236598676218E-003
  0.29312499344814569        1.6807236598676218E-003
  0.29437499342020601        1.6807236598676218E-003
  0.29562499339226633        1.6807236598676218E-003
  0.29687499336432666        1.6807236598676218E-003
  0.29812499333638698        1.6807236598676218E-003
  0.29937499330844730        1.6807236598676218E-003
  0.30062499328050762        1.6807236598676218E-003
  0.30187499325256795        1.6807236598676218E-003
  0.30312499322462827        1.6807236598676218E-003
  0.30437499319668859        1.6807236598676218E-003
  0.30562499316874892        1.6807236598676218E-003
  0.30687499314080924        1.6807236598676218E-003
  0.30812499311286956        1.6807236598676218E-003
  0.30937499308492988        1.6807236598676218E-003
  0.31062499305699021        1.6807236598676218E-003
  0.31187499302905053        1.6807236598676218E-003
  0.31312499300111085        1.6807236598676218E-003
  0.31437499297317117        1.6807236598676218E-003
  0.31562499294523150        1.6807236598676218E-003
  0.31687499291729182        1.6807236598676218E-003
  0.31812499288935214        1.6807236598676218E-003
  0.31937499286141247        1.6807236598676218E-003
  0.32062499283347279        1.6807236598676218E-003
  0.32187499280553311        1.6807236598676218E-003
  0.32312499277759343        1.6807236598676218E-003
  0.32437499274965376        1.6807236598676218E-003
  0.32562499272171408        1.6807236598676218E-003
  0.32687499269377440        1.6807236598676218E-003
  0.32812499266583472        1.6807236598676218E-003
  0.32937499263789505        1.6807236598676218E-003
  0.33062499260995537        1.6807236598676218E-003
  0.33187499258201569        1.6807236598676218E-003
  0.33312499255407602        1.6807236598676218E-003
  0.33437499252613634        1.6807236598676218E-003
  0.33562499249819666        1.6807236598676218E-003
  0.33687499247025698        1.6807236598676218E-003
  0.33812499244231731        1.6807236598676218E-003
  0.33937499241437763        1.6807236598676218E-003
  0.34062499238643795        1.6807236598676218E-003
  0.34187499235849828        1.6807236598676218E-003
  0.34312499233055860        1.6807236598676218E-003
  0.34437499230261892        1.6807236598676218E-003
  0.34562499227467924        1.6807236598676218E-003
  0.34687499224673957        1.6807236598676218E-003
  0.34812499221879989        1.6807236598676218E-003
  0.34937499219086021        1.6807236598676218E-003
  0.35062499216292053        1.6807236598676218E-003
  0.35187499213498086        1.6807236598676218E-003
  0.35312499210704118        1.6807236598676218E-003
  0.35437499207910150        1.6807236598676218E-003
  0.35562499205116183        1.6807236598676218E-003
  0.35687499202322215        1.6807236598676218E-003
  0.35812499199528247        1.6807236598676218E-003
  0.35937499196734279        1.6807236598676218E-003
  0.36062499193940312        1.6807236598676218E-003
  0.36187499191146344        1.6807236598676218E-003
  0.36312499188352376        1.6807236598676218E-003
  0.36437499185558408        1.6807236598676218E-003
  0.36562499182764441        1.6807236598676218E-003
  0.36687499179970473        1.6807236598676218E-003
  0.36812499177176505        1.6807236598676218E-003
  0.36937499174382538        1.6807236598676218E-003
  0.37062499171588570        1.6807236598676218E-003
  0.37187499168794602        1.6807236598676218E-003
  0.37312499166000634        1.6807236598676218E-003
  0.37437499163206667        1.6807236598676218E-003
  0.37562499160412699        1.6807236598676218E-003
  0.37687499157618731        1.6807236598676218E-003
  0.37812499154824764        1.6807236598676218E-003
  0.37937499152030796        1.6807236598676218E-003
  0.38062499149236828        1.6807236598676218E-003
  0.38187499146442860        1.6807236598676218E-003
  0.38312499143648893        1.6807236598676218E-003
  0.38437499140854925        1.6807236598676218E-003
  0.38562499138060957        1.6807236598676218E-003
  0.38687499135266989        1.6807236598676218E-003
  0.38812499132473022        1.6807236598676218E-003
  0.38937499129679054        1.6807236598676218E-003
  0.39062499126885086        1.6807236598676218E-003
  0.39187499124091119        1.6807236598676218E-003
  0.39312499121297151        1.6807236598676218E-003
  0.39437499118503183        1.6807236598676218E-003
  0.39562499115709215        1.6807236598676218E-003
  0.39687499112915248        1.6807236598676218E-003
  0.39812499110121280        1.6807236598676218E-003
  0.39937499107327312        1.6807236598676218E-003
  0.40062499104533345        1.6807236598676218E-003
  0.40187499101739377        1.6807236598676218E-003
  0.40312499098945409        1.6807236598676218E-003
  0.40437499096151441        1.6807236598676218E-003
  0.40562499093357474        1.6807236598676218E-003
  0.40687499090563506        1.6807236598676218E-003
  0.40812499087769538        1.6807236598676218E-003
  0.40937499084975570        1.6807236598676218E-003
  0.41062499082181603        1.6807236598676218E-003
  0.41187499079387635        1.6807236598676218E-003
  0.41312499076593667        1.6807236598676218E-003
  0.41437499073799700        1.6807236598676218E-003
  0.41562499071005732        1.6807236598676218E-003
  0.41687499068211764        1.6807236598676218E-003
  0.41812499065417796        1.6807236598676218E-003
  0.41937499062623829        1.6807236598676218E-003
  0.42062499059829861        1.6807236598676218E-003
  0.42187499057035893        1.6807236598676218E-003
  0.42312499054241925        1.6807236598676218E-003
  0.42437499051447958        1.6807236598676218E-003
  0.42562499048653990        1.6807236598676218E-003
  0.42687499045860022        1.6807236598676218E-003
  0.42812499043066055        1.6807236598676218E-003
  0.42937499040272087        1.6807236598676218E-003
  0.43062499037478119        1.6807236598676218E-003
  0.43187499034684151        1.6807236598676218E-003
  0.43312499031890184        1.6807236598676218E-003
  0.43437499029096216        1.6807236598676218E-003
  0.43562499026302248        1.6807236598676218E-003
  0.43687499023508281        1.6807236598676218E-003
  0.43812499020714313        1.6807236598676218E-003
  0.43937499017920345        1.6807236598676218E-003
  0.44062499015126377        1.6807236598676218E-003
  0.44187499012332410        1.6807236598676218E-003
  0.44312499009538442        1.6807236598676218E-003
  0.44437499006744474        1.6807236598676218E-003
  0.44562499003950506        1.6807236598676218E-003
  0.44687499001156539        1.6807236598676218E-003
  0.44812498998362571        1.6807236598676218E-003
  0.44937498995568603        1.6807236598676218E-003
  0.45062498992774636        1.6807236598676218E-003
  0.45187498989980668        1.6807236598676218E-003
  0.45312498987186700        1.6807236598676218E-003
  0.45437498984392732        1.6807236598676218E-003
  0.45562498981598765        1.6807236598676218E-003
  0.45687498978804797        1.6807236598676218E-003
  0.45812498976010829        1.6807236598676218E-003
  0.45937498973216861        1.6807236598676218E-003
  0.46062498970422894        1.6807236598676218E-003
  0.46187498967628926        1.6807236598676218E-003
  0.46312498964834958        1.6807236598676218E-003
  0.46437498962040991        1.6807236598676218E-003
  0.46562498959247023        1.6807236598676218E-003
  0.46687498956453055        1.6807236598676218E-003
  0.46812498953659087        1.6807236598676218E-003
  0.46937498950865120        1.6807236598676218E-003
  0.47062498948071152        1.6807236598672191E-003
  0.47187498945277184        1.6807236598597524E-003
  0.47312498942482895        1.6807236598097069E-003
  0.47437498939685185        1.6807236597506108E-003
  0.47562498936876585        1.6807236618991161E-003
  0.47687498934119288        1.6807236861688933E-003
  0.47812498931589265        1.6807237966355408E-003
  0.47937498928694267        1.6807239776514011E-003
  0.48062498924139097        1.6807238282716933E-003
  0.48187498920799765        1.6807231507638537E-003
  0.48312498922153402        1.6807231380522576E-003
  0.48437498920292055        1.6807243066717687E-003
  0.48562498911770258        1.6807245990937338E-003
  0.48687498911401772        1.6807240812259756E-003
  0.48812498939448945        1.6807253012905412E-003
  0.48937498927807632        1.6807096916779049E-003
  0.49062498455006243        1.6805864975380292E-003
  0.49187496939571007        1.6803468848302918E-003
  0.49312503223238102        1.6813891218230806E-003
  0.49437545542862416        1.6876320680659445E-003
  0.49562429189117374        1.6802124903241126E-003
  0.49687205834367509        1.5888424137151577E-003
  0.49813461056668851        1.7357037625341258E-003
  0.49940036038069469        2.7978878020522620E-003
  0.51000405303673224        1.5266211302981883E-002
  0.51999985349404265        1.3654452622137284E-002
  0.53000012017795761        1.3254844217437696E-002
  0.54000002240211709        1.3439705444831340E-002
  0.54999998678200557        1.3458942146053946E-002
  0.55999999775843889        1.3445656162418780E-002
  0.56999999918689959        1.3444990639489784E-002
  0.57999999820347736        1.3445717622795589E-002
  0.58999999797328151        1.3445785872462179E-002
  0.59999999776343982        1.3445789286191771E-002
  0.60999999754125533        1.3445789277195440E-002
  0.61999999731779099        1.3445789274223919E-002
  0.62999999709427357        1.3445789273991177E-002
  0.63999999687075615        1.3445789273983494E-002
  0.64999999664723873        1.3445789273983494E-002
  0.65999999642372131        1.3445789273983494E-002
  0.66999999620020390        1.3445789273983494E-002
  0.67999999597668648        1.3445789273983494E-002
  0.68999999575316906        1.3445789273983494E-002
  0.69999999552965164        1.3445789273983494E-002
  0.70999999530613422        1.3445789273983494E-002
  0.71999999508261681        1.3445789273983494E-002
  0.72999999485909939        1.3445789273983494E-002
  0.73999999463558197        1.3445789273983494E-002
  0.74999999441206455        1.3445789273983494E-002
  0.75999999418854713        1.3445789273983494E-002
  0.76999999396502972        1.3445789273983494E-002
  0.77999999374151230        1.3445789273983494E-002
  0.78999999351799488        1.3445789273983494E-002
  0.79999999329447746        1.3445789273983494E-002
  0.80999999307096004        1.3445789273983494E-002
  0.81999999284744263        1.3445789273983494E-002
  0.82999999262392521        1.3445789273983494E-002
  0.83999999240040779        1.3445789273983494E-002
  0.84999999217689037        1.3445789273983494E-002
  0.85999999195337296        1.3445789273983494E-002
  0.86999999172985554        1.3445789273983494E-002
  0.87999999150633812        1.3445789273983494E-002
  0.88999999128282070        1.3445789273983494E-002
  0.89999999105930328        1.3445789273983518E-002
  0.90999999083578587        1.3445789273983662E-002
  0.91999999061226867        1.3445789274091497E-002
  0.92999999038875125        1.3445789274239792E-002
  0.93999999016523028        1.3445789270883142E-002
  0.94999998994171597        1.3445789269012017E-002
  0.95999998971825007        1.3445789325727348E-002
  0.96999998949462940        1.3445789308696518E-002
  0.97999998927057708        1.3445788591408454E-002
  0.98999998904891751        1.3445789434608215E-002
  0.99999998882650520        1.3445797232203344E-002
  -6.2499998603016138E-004   1.6807236598676213E-003
  -1.8749999580904841E-003   1.6807236598676218E-003
  -3.1249999301508069E-003   1.6807236598676218E-003
  -4.3749999022111297E-003   1.6807236598676218E-003
  -5.6249998742714524E-003   1.6807236598676218E-003
  -6.8749998463317752E-003   1.6807236598676218E-003
  -8.1249998183920979E-003   1.6807236598676218E-003
  -9.3749997904524207E-003   1.6807236598676218E-003
  -1.0624999762512743E-002   1.6807236598676218E-003
  -1.1874999734573066E-002   1.6807236598676218E-003
  -1.3124999706633389E-002   1.6807236598676218E-003
  -1.4374999678693712E-002   1.6807236598676218E-003
  -1.5624999650754035E-002   1.6807236598676218E-003
  -1.6874999622814357E-002   1.6807236598676218E-003
  -1.8124999594874680E-002   1.6807236598676218E-003
  -1.9374999566935003E-002   1.6807236598676218E-003
  -2.0624999538995326E-002   1.6807236598676218E-003
  -2.1874999511055648E-002   1.6807236598676218E-003
  -2.3124999483115971E-002   1.6807236598676218E-003
  -2.4374999455176294E-002   1.6807236598676218E-003
  -2.5624999427236617E-002   1.6807236598676218E-003
  -2.6874999399296939E-002   1.6807236598676218E-003
  -2.8124999371357262E-002   1.6807236598676218E-003
  -2.9374999343417585E-002   1.6807236598676218E-003
  -3.0624999315477908E-002   1.6807236598676218E-003
  -3.1874999287538230E-002   1.6807236598676218E-003
  -3.3124999259598553E-002   1.6807236598676218E-003
  -3.4374999231658876E-002   1.6807236598676218E-003
  -3.5624999203719199E-002   1.6807236598676218E-003
  -3.6874999175779521E-002   1.6807236598676218E-003
  -3.8124999147839844E-002   1.6807236613250820E-003
  -3.9374999119900167E-002   1.6807236836192433E-003
  -4.0624999091960490E-002   1.6807237976725275E-003
  -4.1874999064020813E-002   1.6807239947704612E-003
  -4.3124999036081135E-002   1.6807238430037899E-003
  -4.4374999008141458E-002   1.6807231196550565E-003
  -4.5624998980201781E-002   1.6807231017720110E-003
  -4.6874998952262104E-002   1.6807243408868385E-003
  -4.8124998924322426E-002   1.6807246000332340E-003
  -4.9374998896382749E-002   1.6807239709980104E-003
  -5.0624998868443072E-002   1.6807265027777712E-003
  -5.1874998840503395E-002   1.6807167798185501E-003
  -5.3124998812563717E-002   1.6805894731767455E-003
  -5.4374998784624040E-002   1.6802400747821132E-003
  -5.5624998756684363E-002   1.6812057743610107E-003
  -5.6874998728744686E-002   1.6886411931695616E-003
  -5.8124998700805008E-002   1.6815893059890286E-003
  -5.9374998672865331E-002   1.5803677635966278E-003
  -6.0624998644925654E-002   1.7219857273849592E-003
  -6.1874998616985977E-002   2.7701676306490209E-003
   1.0099999997764826        1.3445797231401827E-002
   1.0199999995529652        1.3445789432748555E-002
   1.0299999993294477        1.3445788590501757E-002
   1.0399999991059303        1.3445789308984589E-002
   1.0499999988824129        1.3445789325841232E-002
   1.0599999986588955        1.3445789268979992E-002
   1.0699999984353781        1.3445789270876002E-002
   1.0799999982118607        1.3445789274242399E-002
   1.0899999979883432        1.3445789274091815E-002
   1.0999999977648258        1.3445789273983494E-002
   1.1099999975413084        1.3445789273983494E-002
   1.1199999973177910        1.3445789273983494E-002
   1.1299999970942736        1.3445789273983494E-002
   1.1399999968707561        1.3445789273983494E-002
   1.1499999966472387        1.3445789273983494E-002
   1.1599999964237213        1.3445789273983494E-002
   1.1699999962002039        1.3445789273983494E-002
   1.1799999959766865        1.3445789273983494E-002
   1.1899999957531691        1.3445789273983494E-002
   1.1999999955296516        1.3445789273983494E-002
   1.2099999953061342        1.3445789273983494E-002
   1.2199999950826168        1.3445789273983494E-002
   1.2299999948590994        1.3445789273983494E-002
   1.2399999946355820        1.3445789273983494E-002
   1.2499999944120646        1.3445789273983494E-002
   1.2599999941885471        1.3445789273983494E-002
   1.2699999939650297        1.3445789273983494E-002
   1.2799999937415123        1.3445789273983494E-002
   1.2899999935179949        1.3445789273983494E-002
   1.2999999932944775        1.3445789273983494E-002
   1.3099999930709600        1.3445789273983494E-002
   1.3199999928474426        1.3445789273983494E-002
   1.3299999926239252        1.3445789273983494E-002
   1.3399999924004078        1.3445789273983494E-002
   1.3499999921768904        1.3445789273983494E-002
   1.3599999919533730        1.3445789273983494E-002
   1.3699999917298555        1.3445789273983494E-002
   1.3799999915063381        1.3445789273983494E-002
   1.3899999912828207        1.3445789273983494E-002
   1.3999999910593033        1.3445789273983494E-002
   1.4099999908357859        1.3445789273983494E-002
   1.4199999906122684        1.3445811364861527E-002
   1.4299999903887510        1.3445816058519498E-002
   1.4399999901652336        1.3444005618582713E-002
   1.4499999899417162        1.3443049909423094E-002
   1.4599999897181988        1.3488990993131885E-002
   1.4699999894946814        1.3479264215401377E-002
   1.4799999892711639        1.2736097913932045E-002
   1.4899999890476465        1.3631476304449159E-002
   1.4999999888241291        2.1943127192483803E-002
